#Fri Apr 24 15:22:53 EDT 2020
#Total Values for this Simulation (last Iteration)
averageTripDistance=8.8351043006396
dispatcher=DemandSupplyBalancingDispatcher
dispatchingPeriod=-1
distanceHeuristic=
distanceRatio=0.9749500288357561
MeanWaitingTime=37.23564356435644
occupancyRatio=0.001941481481481481
populationSize=4179
rebalancePeriod=10
timeStamp=2020/04/24 - 15\:21\:23
totalRequests=505
TotalRoboTaxiDistance=4576.365495522887
totalRoboTaxiDistancePicku=114.6378236998746
totalRoboTaxiDistanceReb=0.0
totalRoboTaxiDistanceWtCst=4461.727671822998
totalVehicles=1500
vehicleGenerator=PopulationDensity
virtualNodes=10
waitTimeMax=680.0
WaitTimeQuantile1=8.0
WaitTimeQuantile2=10.0
WaitTimeQuantile3=130.0
